942
635 404
49 72
57 240
445 224
498 644
237 646
401 546
334 199
446 76
472 223
56 376
220 307
7 46
499 549
676 392
17 41
77 246
500 60
811 343
64 94
4 176
237 87
850 248
34 129
845 626
105 618
170 40
78 104
59 22
764 800
320 205
39 78
40 37
768 589
397 307
502 439
558 276
144 751
123 540
408 225
462 48
32 42
97 19
879 658
271 171
72 193
689 138
323 275
80 83
917 883
45 54
169 165
63 742
649 812
591 877
727 461
724 402
566 82
517 554
626 537
50 419
869 920
226 208
140 69
90 25
104 178
4 109
455 184
624 838
324 146
544 71
853 908
261 110
701 793
931 596
331 553
24 55
283 570
3 130
598 562
10 30
453 341
229 238
387 683
43 19
148 205
825 781
105 13
871 122
474 234
390 819
312 15
95 429
420 162
547 504
66 218
138 505
681 123
52 93
333 631
340 640
854 809
39 150
229 33
214 815
459 802
120 154
5 10
39 44
13 5
216 526
525 88
322 171
47 217
626 665
532 60
371 425
379 575
284 43
256 383
375 331
140 853
534 18
220 170
313 21
647 213
86 183
267 150
519 749
114 51
239 263
702 926
450 77
45 179
454 656
910 374
682 438
544 671
714 106
516 37
15 103
806 652
325 741
116 2
649 198
195 706
280 145
225 123
733 423
469 721
16 14
708 621
690 271
468 52
3 1
23 1
620 480
80 436
89 568
71 337
452 718
152 745
232 409
809 646
769 301
345 197
101 119
4 89
38 760
887 422
122 13
605 84
525 597
352 524
748 554
615 125
204 291
498 740
316 603
156 331
571 407
520 488
4 33
166 44
5 4
517 130
560 642
746 552
65 1
131 127
332 470
252 790
134 338
856 124
568 817
51 480
52 81
868 572
14 32
189 788
134 431
130 628
448 284
167 713
419 693
56 137
189 42
24 402
202 367
67 728
87 5
508 827
458 315
536 368
781 182
95 40
217 521
115 95
29 100
93 789
111 66
527 270
39 441
28 467
549 550
28 34
7 401
11 755
165 72
244 286
716 927
747 393
52 230
113 249
674 475
195 341
452 942
103 581
381 422
104 206
86 5
138 111
51 53
2 6
900 192
859 442
412 261
936 697
242 74
789 872
33 57
803 91
2 24
159 137
675 283
207 264
212 55
290 176
339 50
562 670
231 74
4 8
590 264
730 732
65 438
624 250
734 588
239 45
818 508
903 407
387 38
146 709
551 314
174 915
21 3
326 639
102 599
207 847
209 72
407 410
135 98
254 46
839 712
782 822
281 215
139 773
528 784
679 46
192 351
372 266
273 668
2 20
607 596
472 514
55 569
42 224
59 282
594 320
27 369
553 636
5 308
108 200
22 3
316 720
358 145
650 730
128 139
79 174
481 650
616 185
789 916
257 15
810 534
221 250
299 344
205 364
320 735
630 116
74 121
355 350
346 298
310 214
427 188
231 757
795 210
156 672
17 288
1 188
127 100
293 478
768 780
149 327
869 928
543 140
83 164
4 862
326 268
295 389
359 439
11 8
7 479
669 191
287 461
702 353
411 7
576 566
77 836
644 840
548 25
83 195
551 907
39 123
201 459
77 1
362 111
435 443
533 783
99 440
435 323
510 102
659 481
76 74
374 485
763 394
96 84
160 258
272 309
243 242
764 375
166 881
64 8
6 7
64 366
663 30
382 11
902 166
219 619
791 441
513 111
906 479
85 512
636 766
717 341
833 727
116 726
154 503
184 122
529 623
48 74
133 126
258 393
91 208
36 498
699 522
60 11
545 312
142 125
122 384
252 64
106 160
198 359
451 272
736 743
163 54
319 356
110 80
115 180
621 387
69 148
783 898
74 91
4 1
580 109
865 74
582 441
557 756
53 58
526 707
442 168
884 27
588 651
593 521
457 68
573 633
299 149
29 262
186 824
269 3
115 573
828 753
18 155
74 495
354 90
340 9
318 167
527 535
146 56
664 359
258 394
203 317
648 447
476 114
641 321
235 248
153 77
653 362
73 25
321 171
771 396
287 390
889 535
106 91
304 173
100 162
162 399
134 101
11 398
35 5
296 58
181 804
187 113
499 290
70 28
373 150
50 12
141 133
49 62
371 228
715 267
29 864
786 823
376 585
398 846
194 228
162 285
775 25
537 178
395 194
752 141
260 177
234 197
61 2
285 519
218 609
424 419
93 374
116 483
173 10
473 114
139 449
175 363
360 217
5 14
265 92
573 678
923 670
221 283
624 643
601 252
249 522
240 890
66 125
625 893
212 834
396 376
465 448
122 191
45 244
459 739
1 2
268 353
368 305
413 327
370 380
882 706
52 391
157 186
552 895
43 47
736 144
143 116
590 919
603 754
362 477
85 2
174 657
634 416
507 131
259 216
3 251
147 28
921 341
531 555
481 219
778 320
68 490
245 104
145 11
533 71
112 454
14 56
352 579
12 611
398 704
918 725
67 149
772 399
729 465
722 209
777 11
189 820
807 596
192 306
360 433
159 759
939 10
357 28
844 183
405 92
211 400
941 782
381 1
333 583
45 177
808 613
324 929
337 488
746 874
154 197
418 215
265 314
504 300
274 99
266 562
842 731
158 552
2 31
170 848
204 560
275 875
183 539
75 8
253 215
38 336
878 130
51 10
319 75
652 212
508 423
136 49
896 865
493 421
542 622
407 883
196 241
388 694
18 2
221 509
325 129
414 232
284 666
352 184
937 801
570 849
167 36
210 691
29 12
180 492
197 688
259 938
16 27
799 855
673 326
375 541
32 417
507 604
709 860
25 564
932 332
47 610
238 463
57 101
45 348
128 104
645 134
26 487
82 266
293 262
6 36
687 835
73 124
489 171
144 161
185 2
251 866
181 136
500 687
388 924
821 801
170 213
211 106
423 360
765 267
356 464
196 10
88 23
260 606
434 68
922 761
88 491
344 863
220 723
120 64
787 369
586 1
930 733
190 725
776 218
223 677
658 559
17 268
52 333
711 156
219 48
151 57
48 4
327 349
235 87
497 529
222 199
270 830
758 644
298 530
821 861
93 392
696 8
661 218
912 688
831 495
660 455
42 350
198 469
278 38
3 80
595 294
873 787
496 12
692 545
276 222
620 779
258 297
194 183
195 379
360 680
383 385
343 195
430 180
1 37
617 242
794 506
275 638
710 668
599 608
786 899
320 600
475 94
588 341
330 272
162 256
858 740
596 133
270 625
795 799
409 662
381 761
191 770
716 687
602 594
416 128
832 391
235 870
289 160
428 225
339 731
129 216
198 700
363 933
381 750
559 493
460 880
667 172
328 523
904 704
150 207
78 113
798 602
365 275
686 510
225 876
805 659
407 421
41 885
56 198
563 325
712 610
5 68
719 5
1 15
837 635
203 897
65 66
144 255
132 214
335 313
494 411
703 117
753 109
169 303
106 227
300 378
270 124
528 328
328 801
515 284
199 31
62 466
20 202
767 391
388 149
186 305
386 297
281 578
19 152
52 28
93 126
103 158
452 188
286 415
117 2
218 613
132 76
796 470
175 774
471 461
116 232
35 45
598 737
644 813
911 492
301 152
35 223
851 480
300 154
9 7
92 75
512 531
406 311
894 332
86 370
139 315
592 318
144 47
383 685
484 112
157 154
171 141
737 901
32 316
377 75
591 547
462 501
538 403
51 69
940 56
295 852
829 378
132 298
107 105
785 680
523 867
173 637
328 244
627 524
71 50
705 465
529 574
565 59
19 12
132 192
139 426
247 93
210 190
102 156
4 38
52 84
594 655
112 67
9 295
762 750
82 43
118 80
292 27
232 518
361 249
511 228
123 404
25 2
93 172
215 44
66 175
913 83
131 275
15 98
698 455
407 140
629 363
311 162
